((("hide" .
   [1 0 0 0])
  ("tooltip" .
   [0 0 0 0 0 0 1])
  ("toolbarmenu" .
   [0 0 0 0 0 0 0 0 0 0 1])
  ("debug" .
   [3 0 1 4 1])
  ("console" .
   [6 0 0 0 0 2 1])
  ("if" .
   [1 0])
  ("diff" .
   [12 0 0 0])
  ("else" .
   [2 0 0 0])
  ("nr_of_visible_icons" .
   [0 0 7 2 0 0 0 0 0 0 0 0 0 0 0 0 0 0 0])
  ("find" .
   [1 0 0 0])
  ("current_size" .
   [0 0 0 0 0 0 0 0 0 1 0 0])
  ("ac-use-fuzzy" .
   [1 0 0 0 0 0 0 0 0 0 0 0])
  ("emacs-pid" .
   [1 0 0 0 0 0 0 0 0])
  ("yes-or-no-p" .
   [0 0 0 1 0 0 0 0 0 0 0])
  ("java-mode" .
   [0 0 0 0 1 0 0 0 0])
  ("list" .
   [0 0 1 0])
  ("setq" .
   [4 0 0 0])
  ("ignore" .
   [1 0 0 0 0 0])
  ("ac-ignores" .
   [0 0 0 0 0 0 0 0 0 1])
  ("ac-ignore-case" .
   [0 0 0 0 0 0 0 0 0 0 0 0 1 0])
  ("nil" .
   [1 0 0])
  ("set" .
   [1 0 0])
  ("ac-delay" .
   [2 0 0 0 0 0 0 0])
  ("ac-next" .
   [0 0 1 1 0 0 0])
  ("floor" .
   [3 0 0 0 0])
  ("Math" .
   [3 0 0 0])
  ("children" .
   [6 0 0 0 0 0 0 0])
  ("show" .
   [4 0 0 0])
  ("var" .
   [4 0 0])
  ("toolbar_children" .
   [1 0 0 0 0 0 0 0 0 1 1 0 0 0 1 0])
  ("resize" .
   [1 0 0 0 0 0])
  ("1" .
   [1])
  ("$" .
   [2])
  ("width" .
   [1 0 0 0 0])
  ("5" .
   [1])
  ("last_size" .
   [0 0 0 0 1 0 1 0 0])
  ("last_width" .
   [0 0 0 0 0 0 1 0 0 0])))
